font_name=Inconsolata
font_size=18
desc_font_size=18
cmd=~/.config/lighthouse/cmd.py
query_fg=0.8,0.8,0.8
query_bg=0.2235294,0.2235294,0.2235294
highlight_fg=1.0,0.8,0.4
highlight_bg=0.3176471,0.3176471,0.3176471
result_fg=0.8,0.8,0.8
result_bg=0.1764706,0.1764706,0.1764706
y=30
dock_mode=0
cursor_is_underline=0
desc_size=300
auto_center=1
screen=0
